{"producer":{"name":"Blender","version":"2.79 (sub 0)","exporter_version":"5.5.0","file":"animations.babylon"},
"autoClear":true,"clearColor":[0.0509,0.0509,0.0509],"ambientColor":[0,0,0],"gravity":[0,-9.81,0],
"materials":[],
"multiMaterials":[],
"skeletons":[{"name":"Armature","id":0,"dimensionsAtRest":[6.121,10.0449,1.6042],"bones":[
{"name":"mixamorig:Hips","index":0,"matrix":[0.9964,-0.0549,0.0641,0,0.0509,0.9968,0.0624,0,0.0673,0.0589,-0.996,0,0.003,1.0257,0.1061,1],"rest":[1,0,0,0,0,1,0,0,0,0,-1,0,0.0393,0.8696,0.1319,1],"parentBoneIndex":-1,"length":0.659
,"animation":{"dataType":3,"framePerSecond":30,"keys":[
{"frame":1,"values":[0.9964,-0.0549,0.0641,0,0.0509,0.9968,0.0624,0,0.0673,0.0589,-0.996,0,0.003,1.0257,0.1061,1]},
{"frame":2,"values":[0.9978,-0.044,0.0487,0,0.0413,0.9977,0.0542,0,0.0509,0.0521,-0.9973,0,0.0232,1.0411,0.1061,1]},
{"frame":3,"values":[0.9992,-0.0336,0.0231,0,0.0326,0.9985,0.0435,0,0.0245,0.0427,-0.9988,0,0.0472,1.0449,0.1061,1]},
{"frame":4,"values":[0.9996,-0.0277,-0.0071,0,0.0279,0.999,0.036,0,-0.0061,0.0361,-0.9993,0,0.0714,1.0317,0.1061,1]},
{"frame":5,"values":[0.9986,-0.0319,-0.041,0,0.0332,0.9989,0.0318,0,-0.04,0.0332,-0.9986,0,0.0895,1.0022,0.1061,1]},
{"frame":6,"values":[0.9957,-0.0494,-0.0779,0,0.0517,0.9983,0.0286,0,-0.0763,0.0325,-0.9966,0,0.1088,0.9466,0.1061,1]},
{"frame":7,"values":[0.9919,-0.0657,-0.1091,0,0.0687,0.9973,0.0245,0,-0.1072,0.0318,-0.9937,0,0.1294,0.8895,0.1061,1]},
{"frame":8,"values":[0.9897,-0.0627,-0.1284,0,0.0659,0.9976,0.0212,0,-0.1268,0.0294,-0.9915,0,0.1451,0.8581,0.1061,1]},
{"frame":9,"values":[0.9897,-0.0389,-0.1376,0,0.0426,0.9988,0.0241,0,-0.1365,0.0297,-0.9902,0,0.1557,0.8495,0.1061,1]},
{"frame":10,"values":[0.9903,-0.0111,-0.1382,0,0.015,0.9995,0.0271,0,-0.1378,0.0289,-0.99,0,0.1626,0.8445,0.1061,1]},
{"frame":11,"values":[0.9908,0.0159,-0.1345,0,-0.0126,0.9996,0.0255,0,-0.1349,0.0236,-0.9906,0,0.1674,0.8492,0.1061,1]},
{"frame":12,"values":[0.9896,0.0408,-0.1377,0,-0.0381,0.999,0.0226,0,-0.1385,0.0171,-0.9902,0,0.1809,0.8608,0.1061,1]},
{"frame":13,"values":[0.9871,0.0714,-0.1435,0,-0.0673,0.9972,0.0334,0,-0.1454,0.0233,-0.9891,0,0.1971,0.8847,0.1061,1]},
{"frame":14,"values":[0.9845,0.0991,-0.1449,0,-0.0921,0.9943,0.0543,0,-0.1495,0.0401,-0.9879,0,0.2057,0.906,0.1061,1]},
{"frame":15,"values":[0.9828,0.1164,-0.1433,0,-0.1075,0.9919,0.0679,0,-0.1501,0.0513,-0.9873,0,0.2093,0.9209,0.1061,1]},
{"frame":16,"values":[0.9827,0.1212,-0.1401,0,-0.1125,0.9913,0.0681,0,-0.1471,0.0512,-0.9878,0,0.2103,0.9395,0.1061,1]},
{"frame":17,"values":[0.9847,0.1126,-0.1329,0,-0.1056,0.9926,0.0592,0,-0.1386,0.0443,-0.9894,0,0.2049,0.9623,0.1061,1]},
{"frame":18,"values":[0.9879,0.0976,-0.1203,0,-0.092,0.9944,0.0518,0,-0.1247,0.0401,-0.9914,0,0.1932,0.9906,0.1061,1]},
{"frame":19,"values":[0.9913,0.0821,-0.1028,0,-0.0775,0.9958,0.0478,0,-0.1063,0.0394,-0.9935,0,0.1788,1.0171,0.1061,1]},
{"frame":20,"values":[0.9947,0.0649,-0.0797,0,-0.0617,0.9972,0.042,0,-0.0822,0.0369,-0.9959,0,0.1593,1.0398,0.1061,1]},
{"frame":21,"values":[0.9973,0.049,-0.054,0,-0.0472,0.9983,0.0335,0,-0.0556,0.0309,-0.998,0,0.1369,1.053,0.1061,1]},
{"frame":22,"values":[0.9987,0.0405,-0.0303,0,-0.0398,0.9989,0.0227,0,-0.0312,0.0215,-0.9993,0,0.1179,1.053,0.1061,1]},
{"frame":23,"values":[0.9991,0.0416,-0.0071,0,-0.0416,0.9991,0.0116,0,-0.0076,0.0113,-0.9999,0,0.1036,1.0361,0.1061,1]},
{"frame":24,"values":[0.9986,0.0504,0.0149,0,-0.0505,0.9987,0.0031,0,0.0147,0.0038,-0.9999,0,0.0916,1.0047,0.1061,1]},
{"frame":25,"values":[0.9974,0.064,0.0324,0,-0.0638,0.9979,-0.0059,0,0.0327,-0.0038,-0.9995,0,0.079,0.9628,0.1061,1]},
{"frame":26,"values":[0.9965,0.0718,0.0428,0,-0.0714,0.9974,-0.012,0,0.0435,-0.0089,-0.999,0,0.0664,0.9248,0.1061,1]},
{"frame":27,"values":[0.9964,0.0682,0.0511,0,-0.0678,0.9977,-0.0095,0,0.0516,-0.006,-0.9986,0,0.0576,0.8918,0.1061,1]},
{"frame":28,"values":[0.9971,0.0499,0.0577,0,-0.0497,0.9987,-0.0056,0,0.0579,-0.0027,-0.9983,0,0.049,0.8737,0.1061,1]},
{"frame":29,"values":[0.9981,0.0199,0.0587,0,-0.0195,0.9998,-0.0072,0,0.0588,-0.0061,-0.9983,0,0.036,0.8729,0.1061,1]},
{"frame":30,"values":[0.9985,-0.0081,0.0543,0,0.0085,0.9999,-0.0063,0,0.0543,-0.0068,-0.9985,0,0.022,0.877,0.1061,1]},
{"frame":31,"values":[0.9984,-0.0268,0.0506,0,0.0266,0.9996,0.005,0,0.0507,0.0037,-0.9987,0,0.0068,0.8755,0.1061,1]},
{"frame":32,"values":[0.9974,-0.0521,0.0496,0,0.0505,0.9982,0.0338,0,0.0512,0.0312,-0.9982,0,-0.0078,0.8878,0.1061,1]},
{"frame":33,"values":[0.9955,-0.0813,0.0493,0,0.0782,0.995,0.0614,0,0.054,0.0573,-0.9969,0,-0.016,0.9093,0.1061,1]},
{"frame":34,"values":[0.9944,-0.0923,0.0517,0,0.0888,0.9938,0.0675,0,0.0576,0.0626,-0.9964,0,-0.019,0.9284,0.1061,1]},
{"frame":35,"values":[0.9946,-0.0861,0.0578,0,0.0822,0.9944,0.067,0,0.0632,0.0619,-0.9961,0,-0.0183,0.9594,0.1061,1]},
{"frame":36,"values":[0.9954,-0.0721,0.0637,0,0.0679,0.9955,0.0659,0,0.0682,0.0613,-0.9958,0,-0.0108,0.9984,0.1061,1]},
{"frame":37,"values":[0.9964,-0.0549,0.0641,0,0.0509,0.9968,0.0624,0,0.0673,0.0589,-0.996,0,0.003,1.0258,0.1061,1]}],"loopBehavior":1,"name":"anim","property":"_matrix"}},
{"name":"mixamorig:Spine","index":1,"matrix":[0.9998,-0.0191,0.0042,0,0.0187,0.9965,0.0817,0,-0.0058,-0.0816,0.9966,0,0,0.5618,-0.0271,1],"rest":[1,0,0,0,0,0.9988,-0.0481,0,0,0.0481,0.9988,0,0,0.5618,-0.0271,1],"parentBoneIndex":0,"length":0.6561
,"animation":{"dataType":3,"framePerSecond":30,"keys":[
{"frame":1,"values":[0.9998,-0.0191,0.0042,0,0.0187,0.9965,0.0817,0,-0.0058,-0.0816,0.9966,0,0,0.5618,-0.0271,1]},
{"frame":2,"values":[0.9999,-0.0129,-0.0003,0,0.0129,0.9957,0.0919,0,-0.0008,-0.0919,0.9958,0,0,0.5618,-0.0271,1]},
{"frame":3,"values":[1,-0.0031,-0.0074,0,0.0038,0.9946,0.1037,0,0.007,-0.1038,0.9946,0,0,0.5618,-0.0271,1]},
{"frame":4,"values":[0.9998,0.014,-0.0154,0,-0.0121,0.9931,0.1162,0,0.0169,-0.116,0.9931,0,0,0.5618,-0.0271,1]},
{"frame":5,"values":[0.9989,0.0412,-0.0245,0,-0.0377,0.9911,0.1277,0,0.0295,-0.1266,0.9915,0,0,0.5618,-0.0271,1]},
{"frame":6,"values":[0.9959,0.0839,-0.0344,0,-0.0785,0.9875,0.137,0,0.0454,-0.1338,0.99,0,0,0.5618,-0.0271,1]},
{"frame":7,"values":[0.9904,0.1323,-0.039,0,-0.1254,0.9814,0.1451,0,0.0575,-0.1388,0.9886,0,0,0.5618,-0.0271,1]},
{"frame":8,"values":[0.9889,0.1437,-0.0379,0,-0.1369,0.9802,0.1434,0,0.0577,-0.1366,0.9889,0,0,0.5618,-0.0271,1]},
{"frame":9,"values":[0.9933,0.1098,-0.037,0,-0.1042,0.9863,0.1279,0,0.0505,-0.1232,0.9911,0,0,0.5618,-0.0271,1]},
{"frame":10,"values":[0.9966,0.073,-0.037,0,-0.0692,0.993,0.0956,0,0.0437,-0.0927,0.9947,0,0,0.5618,-0.0271,1]},
{"frame":11,"values":[0.9984,0.0435,-0.0357,0,-0.0417,0.9979,0.0489,0,0.0377,-0.0473,0.9982,0,0,0.5618,-0.0271,1]},
{"frame":12,"values":[0.9992,0.0189,-0.0343,0,-0.0187,0.9998,0.0078,0,0.0344,-0.0072,0.9994,0,0,0.5618,-0.0271,1]},
{"frame":13,"values":[0.9994,-0.0181,-0.03,0,0.0182,0.9998,0.0033,0,0.0299,-0.0038,0.9995,0,0,0.5618,-0.0271,1]},
{"frame":14,"values":[0.998,-0.0585,-0.0256,0,0.0593,0.9977,0.0327,0,0.0236,-0.0341,0.9991,0,0,0.5618,-0.0271,1]},
{"frame":15,"values":[0.996,-0.0858,-0.0231,0,0.087,0.9944,0.0596,0,0.0178,-0.0613,0.998,0,0,0.5618,-0.0271,1]},
{"frame":16,"values":[0.9954,-0.0938,-0.02,0,0.0949,0.9931,0.0684,0,0.0134,-0.07,0.9975,0,0,0.5618,-0.0271,1]},
{"frame":17,"values":[0.9962,-0.0853,-0.0152,0,0.0862,0.9938,0.0702,0,0.0091,-0.0713,0.9974,0,0,0.5618,-0.0271,1]},
{"frame":18,"values":[0.9972,-0.0735,-0.0108,0,0.0741,0.9943,0.0771,0,0.0051,-0.0777,0.997,0,0,0.5618,-0.0271,1]},
{"frame":19,"values":[0.998,-0.0631,-0.0072,0,0.0635,0.9938,0.0908,0,0.0014,-0.0911,0.9958,0,0,0.5618,-0.0271,1]},
{"frame":20,"values":[0.9986,-0.0521,-0.0015,0,0.052,0.9936,0.1001,0,-0.0037,-0.1,0.995,0,0,0.5618,-0.0271,1]},
{"frame":21,"values":[0.9989,-0.046,0.0054,0,0.0452,0.9937,0.1028,0,-0.01,-0.1024,0.9947,0,0,0.5618,-0.0271,1]},
{"frame":22,"values":[0.9986,-0.0514,0.0112,0,0.05,0.9935,0.1023,0,-0.0164,-0.1016,0.9947,0,0,0.5618,-0.0271,1]},
{"frame":23,"values":[0.9976,-0.0677,0.0167,0,0.0658,0.9929,0.0994,0,-0.0233,-0.098,0.9949,0,0,0.5618,-0.0271,1]},
{"frame":24,"values":[0.9955,-0.0921,0.0215,0,0.0897,0.9914,0.0957,0,-0.0302,-0.0933,0.9952,0,0,0.5618,-0.0271,1]},
{"frame":25,"values":[0.9921,-0.1229,0.0242,0,0.1202,0.9887,0.0898,0,-0.035,-0.0862,0.9957,0,0,0.5618,-0.0271,1]},
{"frame":26,"values":[0.9894,-0.1435,0.0241,0,0.1411,0.9867,0.0812,0,-0.0354,-0.0769,0.9964,0,0,0.5618,-0.0271,1]},
{"frame":27,"values":[0.9896,-0.1414,0.0255,0,0.1394,0.9878,0.0694,0,-0.035,-0.0652,0.9973,0,0,0.5618,-0.0271,1]},
{"frame":28,"values":[0.9925,-0.1191,0.0283,0,0.1177,0.992,0.0462,0,-0.0335,-0.0426,0.9985,0,0,0.5618,-0.0271,1]},
{"frame":29,"values":[0.9958,-0.0868,0.0292,0,0.0866,0.9962,0.0081,0,-0.0298,-0.0055,0.9995,0,0,0.5618,-0.0271,1]},
{"frame":30,"values":[0.9978,-0.0595,0.028,0,0.0604,0.9977,-0.0315,0,-0.026,0.0331,0.9991,0,0,0.5618,-0.0271,1]},
{"frame":31,"values":[0.9986,-0.0458,0.0248,0,0.0468,0.9979,-0.0442,0,-0.0228,0.0453,0.9987,0,0,0.5618,-0.0271,1]},
{"frame":32,"values":[0.9996,-0.0205,0.0186,0,0.0208,0.9997,-0.0129,0,-0.0184,0.0132,0.9997,0,0,0.5618,-0.0271,1]},
{"frame":33,"values":[0.9998,0.0147,0.0115,0,-0.0151,0.9994,0.0321,0,-0.011,-0.0323,0.9994,0,0,0.5618,-0.0271,1]},
{"frame":34,"values":[0.9997,0.0243,0.0053,0,-0.0245,0.9981,0.0559,0,-0.0039,-0.056,0.9984,0,0,0.5618,-0.0271,1]},
{"frame":35,"values":[0.9999,0.0119,0.0028,0,-0.012,0.9978,0.0653,0,-0.002,-0.0653,0.9979,0,0,0.5618,-0.0271,1]},
{"frame":36,"values":[1,-0.0034,0.0037,0,0.0031,0.9975,0.0708,0,-0.0039,-0.0708,0.9975,0,0,0.5618,-0.0271,1]},
{"frame":37,"values":[0.9998,-0.0191,0.0042,0,0.0187,0.9965,0.0817,0,-0.0058,-0.0816,0.9966,0,0,0.5618,-0.0271,1]}],"loopBehavior":1,"name":"anim","property":"_matrix"}},
{"name":"mixamorig:Spine1","index":2,"matrix":[0.9994,0.0348,0.0075,0,-0.0316,0.9649,-0.2605,0,-0.0163,0.2601,0.9654,0,0,0.6561,0,1],"rest":[1,0,0,0,0,1,0,0,0,0,1,0,0,0.6561,0,1],"parentBoneIndex":1,"length":0.7499
,"animation":{"dataType":3,"framePerSecond":30,"keys":[
{"frame":1,"values":[0.9994,0.0348,0.0075,0,-0.0316,0.9649,-0.2605,0,-0.0163,0.2601,0.9654,0,0,0.6561,0,1]},
{"frame":2,"values":[0.9996,0.0275,0.0006,0,-0.0264,0.9631,-0.268,0,-0.0079,0.2679,0.9634,0,0,0.6561,0,1]},
{"frame":3,"values":[0.9998,0.0191,-0.0077,0,-0.0205,0.9606,-0.2771,0,0.0021,0.2772,0.9608,0,0,0.6561,0,1]},
{"frame":4,"values":[0.9998,0.0091,-0.016,0,-0.0133,0.9585,-0.2847,0,0.0127,0.2849,0.9585,0,0,0.6561,0,1]},
{"frame":5,"values":[0.9997,-0.0009,-0.0242,0,-0.0061,0.9576,-0.2881,0,0.0234,0.2882,0.9573,0,0,0.6561,0,1]},
{"frame":6,"values":[0.9995,-0.0112,-0.0308,0,0.0019,0.9573,-0.289,0,0.0327,0.2888,0.9568,0,0,0.6561,0,1]},
{"frame":7,"values":[0.9992,-0.0245,-0.0324,0,0.0141,0.957,-0.2899,0,0.0382,0.2892,0.9565,0,0,0.6561,0,1]},
{"frame":8,"values":[0.9991,-0.029,-0.0322,0,0.0184,0.9573,-0.2884,0,0.0392,0.2875,0.957,0,0,0.6561,0,1]},
{"frame":9,"values":[0.9992,-0.0224,-0.0335,0,0.012,0.9592,-0.2824,0,0.0385,0.2817,0.9587,0,0,0.6561,0,1]},
{"frame":10,"values":[0.9992,-0.0201,-0.0342,0,0.01,0.9619,-0.2731,0,0.0384,0.2726,0.9614,0,0,0.6561,0,1]},
{"frame":11,"values":[0.9991,-0.0229,-0.0349,0,0.013,0.965,-0.2619,0,0.0397,0.2613,0.9645,0,0,0.6561,0,1]},
{"frame":12,"values":[0.999,-0.0255,-0.0355,0,0.0158,0.9678,-0.2511,0,0.0408,0.2503,0.9673,0,0,0.6561,0,1]},
{"frame":13,"values":[0.9991,-0.023,-0.0346,0,0.0137,0.9686,-0.2483,0,0.0392,0.2476,0.9681,0,0,0.6561,0,1]},
{"frame":14,"values":[0.9993,-0.0173,-0.0331,0,0.0083,0.9666,-0.2561,0,0.0364,0.2557,0.9661,0,0,0.6561,0,1]},
{"frame":15,"values":[0.9994,-0.0131,-0.0319,0,0.0043,0.9648,-0.2628,0,0.0343,0.2625,0.9643,0,0,0.6561,0,1]},
{"frame":16,"values":[0.9995,-0.0123,-0.0296,0,0.0041,0.965,-0.2624,0,0.0318,0.2621,0.9645,0,0,0.6561,0,1]},
{"frame":17,"values":[0.9996,-0.0125,-0.0242,0,0.0057,0.9651,-0.2619,0,0.0266,0.2616,0.9648,0,0,0.6561,0,1]},
{"frame":18,"values":[0.9998,-0.0102,-0.0174,0,0.0052,0.9642,-0.2652,0,0.0195,0.265,0.964,0,0,0.6561,0,1]},
{"frame":19,"values":[0.9999,-0.0069,-0.0111,0,0.0037,0.9626,-0.2709,0,0.0125,0.2708,0.9626,0,0,0.6561,0,1]},
{"frame":20,"values":[1,-0.0045,-0.004,0,0.0032,0.9618,-0.2736,0,0.0051,0.2736,0.9618,0,0,0.6561,0,1]},
{"frame":21,"values":[1,-0.0006,0.0033,0,0.0015,0.9618,-0.2736,0,-0.003,0.2736,0.9618,0,0,0.6561,0,1]},
{"frame":22,"values":[0.9999,0.0064,0.0098,0,-0.0035,0.962,-0.273,0,-0.0112,0.2729,0.962,0,0,0.6561,0,1]},
{"frame":23,"values":[0.9998,0.0141,0.0155,0,-0.0094,0.9624,-0.2714,0,-0.0187,0.2712,0.9623,0,0,0.6561,0,1]},
{"frame":24,"values":[0.9996,0.0208,0.0194,0,-0.0148,0.9631,-0.2688,0,-0.0243,0.2684,0.963,0,0,0.6561,0,1]},
{"frame":25,"values":[0.9994,0.0267,0.0203,0,-0.0204,0.9636,-0.2666,0,-0.0267,0.266,0.9636,0,0,0.6561,0,1]},
{"frame":26,"values":[0.9994,0.0292,0.0193,0,-0.0231,0.9647,-0.2624,0,-0.0263,0.2618,0.9648,0,0,0.6561,0,1]},
{"frame":27,"values":[0.9994,0.0269,0.0199,0,-0.021,0.9668,-0.2545,0,-0.0261,0.254,0.9669,0,0,0.6561,0,1]},
{"frame":28,"values":[0.9994,0.0252,0.0223,0,-0.019,0.9688,-0.2469,0,-0.0278,0.2464,0.9688,0,0,0.6561,0,1]},
{"frame":29,"values":[0.9993,0.0274,0.0237,0,-0.0209,0.9702,-0.2415,0,-0.0297,0.2408,0.9701,0,0,0.6561,0,1]},
{"frame":30,"values":[0.9992,0.0307,0.0237,0,-0.0244,0.972,-0.2337,0,-0.0303,0.2329,0.972,0,0,0.6561,0,1]},
{"frame":31,"values":[0.9992,0.0342,0.0228,0,-0.0281,0.9731,-0.2285,0,-0.03,0.2277,0.9733,0,0,0.6561,0,1]},
{"frame":32,"values":[0.9991,0.0354,0.0212,0,-0.0294,0.9721,-0.2328,0,-0.0289,0.232,0.9723,0,0,0.6561,0,1]},
{"frame":33,"values":[0.9992,0.0356,0.0196,0,-0.0298,0.9693,-0.2441,0,-0.0277,0.2433,0.9696,0,0,0.6561,0,1]},
{"frame":34,"values":[0.9991,0.0388,0.0167,0,-0.0334,0.9669,-0.253,0,-0.0259,0.2523,0.9673,0,0,0.6561,0,1]},
{"frame":35,"values":[0.9991,0.0397,0.0127,0,-0.0352,0.9663,-0.255,0,-0.0224,0.2543,0.9669,0,0,0.6561,0,1]},
{"frame":36,"values":[0.9993,0.0369,0.01,0,-0.0332,0.9663,-0.2553,0,-0.0191,0.2548,0.9668,0,0,0.6561,0,1]},
{"frame":37,"values":[0.9994,0.0348,0.0075,0,-0.0316,0.9649,-0.2605,0,-0.0163,0.2601,0.9654,0,0,0.6561,0,1]}],"loopBehavior":1,"name":"anim","property":"_matrix"}},
{"name":"mixamorig:Spine2","index":3,"matrix":[0.9994,0.0328,0.0141,0,-0.0352,0.9718,0.233,0,-0.0061,-0.2334,0.9724,0,0,0.7499,0,1],"rest":[1,0,0,0,0,1,0,0,0,0,1,0,0,0.7499,0,1],"parentBoneIndex":2,"length":0.8311
,"animation":{"dataType":3,"framePerSecond":30,"keys":[
{"frame":1,"values":[0.9994,0.0328,0.0141,0,-0.0352,0.9718,0.233,0,-0.0061,-0.2334,0.9724,0,0,0.7499,0,1]},
{"frame":2,"values":[0.9996,0.027,0.006,0,-0.0277,0.9739,0.2254,0,0.0003,-0.2255,0.9742,0,0,0.7499,0,1]},
{"frame":3,"values":[0.9998,0.0203,-0.0038,0,-0.019,0.9762,0.2161,0,0.0081,-0.216,0.9764,0,0,0.7499,0,1]},
{"frame":4,"values":[0.9998,0.0118,-0.0138,0,-0.0087,0.978,0.2084,0,0.0159,-0.2083,0.9779,0,0,0.7499,0,1]},
{"frame":5,"values":[0.9997,0.0032,-0.0239,0,0.0018,0.9787,0.2053,0,0.024,-0.2053,0.9784,0,0,0.7499,0,1]},
{"frame":6,"values":[0.9995,-0.0061,-0.0324,0,0.0126,0.9787,0.205,0,0.0305,-0.2053,0.9782,0,0,0.7499,0,1]},
{"frame":7,"values":[0.9991,-0.019,-0.037,0,0.0262,0.9784,0.2049,0,0.0323,-0.2057,0.9781,0,0,0.7499,0,1]},
{"frame":8,"values":[0.999,-0.0234,-0.038,0,0.0308,0.9779,0.2067,0,0.0323,-0.2077,0.9777,0,0,0.7499,0,1]},
{"frame":9,"values":[0.9992,-0.0165,-0.0377,0,0.0242,0.9769,0.2125,0,0.0333,-0.2132,0.9764,0,0,0.7499,0,1]},
{"frame":10,"values":[0.9992,-0.0137,-0.0375,0,0.0216,0.975,0.2214,0,0.0336,-0.222,0.9745,0,0,0.7499,0,1]},
{"frame":11,"values":[0.9991,-0.0156,-0.0387,0,0.0242,0.9723,0.2324,0,0.034,-0.2331,0.9719,0,0,0.7499,0,1]},
{"frame":12,"values":[0.9991,-0.0173,-0.0399,0,0.0265,0.9697,0.243,0,0.0345,-0.2438,0.9692,0,0,0.7499,0,1]},
{"frame":13,"values":[0.9992,-0.0151,-0.0383,0,0.024,0.9692,0.2452,0,0.0334,-0.246,0.9687,0,0,0.7499,0,1]},
{"frame":14,"values":[0.9993,-0.0105,-0.0348,0,0.0184,0.9714,0.2368,0,0.0314,-0.2373,0.9709,0,0,0.7499,0,1]},
{"frame":15,"values":[0.9995,-0.0072,-0.0322,0,0.0144,0.9731,0.2298,0,0.0296,-0.2301,0.9727,0,0,0.7499,0,1]},
{"frame":16,"values":[0.9995,-0.0069,-0.0295,0,0.0135,0.9731,0.2301,0,0.0272,-0.2304,0.9727,0,0,0.7499,0,1]},
{"frame":17,"values":[0.9997,-0.0081,-0.0244,0,0.0136,0.9729,0.2309,0,0.0219,-0.2311,0.9727,0,0,0.7499,0,1]},
{"frame":18,"values":[0.9998,-0.0072,-0.0174,0,0.011,0.9736,0.2278,0,0.0153,-0.228,0.9736,0,0,0.7499,0,1]},
{"frame":19,"values":[0.9999,-0.0052,-0.0106,0,0.0074,0.975,0.2222,0,0.0092,-0.2223,0.9749,0,0,0.7499,0,1]},
{"frame":20,"values":[1,-0.004,-0.0034,0,0.0047,0.9756,0.2196,0,0.0025,-0.2196,0.9756,0,0,0.7499,0,1]},
{"frame":21,"values":[1,-0.0014,0.0042,0,0.0004,0.9756,0.2198,0,-0.0044,-0.2198,0.9755,0,0,0.7499,0,1]},
{"frame":22,"values":[0.9999,0.0045,0.0118,0,-0.007,0.9753,0.2206,0,-0.0106,-0.2206,0.9753,0,0,0.7499,0,1]},
{"frame":23,"values":[0.9998,0.0111,0.0188,0,-0.015,0.9748,0.2224,0,-0.0159,-0.2226,0.9748,0,0,0.7499,0,1]},
{"frame":24,"values":[0.9996,0.017,0.0241,0,-0.022,0.974,0.2253,0,-0.0196,-0.2258,0.974,0,0,0.7499,0,1]},
{"frame":25,"values":[0.9994,0.0226,0.0265,0,-0.0281,0.9733,0.2279,0,-0.0206,-0.2285,0.9733,0,0,0.7499,0,1]},
{"frame":26,"values":[0.9993,0.0251,0.0262,0,-0.0305,0.9722,0.2323,0,-0.0197,-0.2329,0.9723,0,0,0.7499,0,1]},
{"frame":27,"values":[0.9994,0.0226,0.0263,0,-0.0282,0.9703,0.2402,0,-0.0201,-0.2408,0.9704,0,0,0.7499,0,1]},
{"frame":28,"values":[0.9994,0.0202,0.0281,0,-0.0266,0.9685,0.2477,0,-0.0222,-0.2483,0.9684,0,0,0.7499,0,1]},
{"frame":29,"values":[0.9993,0.0217,0.0301,0,-0.0286,0.9671,0.253,0,-0.0236,-0.2537,0.967,0,0,0.7499,0,1]},
{"frame":30,"values":[0.9992,0.0244,0.0309,0,-0.0316,0.965,0.2604,0,-0.0235,-0.2612,0.965,0,0,0.7499,0,1]},
{"frame":31,"values":[0.9991,0.0278,0.0307,0,-0.035,0.9635,0.2654,0,-0.0222,-0.2662,0.9637,0,0,0.7499,0,1]},
{"frame":32,"values":[0.9991,0.0297,0.0289,0,-0.0362,0.9647,0.2609,0,-0.0201,-0.2617,0.9649,0,0,0.7499,0,1]},
{"frame":33,"values":[0.9992,0.031,0.0263,0,-0.0366,0.9677,0.2494,0,-0.0177,-0.2501,0.9681,0,0,0.7499,0,1]},
{"frame":34,"values":[0.9991,0.035,0.0233,0,-0.0396,0.9699,0.2403,0,-0.0142,-0.241,0.9704,0,0,0.7499,0,1]},
{"frame":35,"values":[0.9991,0.0366,0.0197,0,-0.0403,0.9703,0.2385,0,-0.0104,-0.2391,0.971,0,0,0.7499,0,1]},
{"frame":36,"values":[0.9993,0.0344,0.0168,0,-0.0374,0.9705,0.2382,0,-0.0081,-0.2387,0.9711,0,0,0.7499,0,1]},
{"frame":37,"values":[0.9994,0.0328,0.0141,0,-0.0352,0.9718,0.233,0,-0.0061,-0.2334,0.9724,0,0,0.7499,0,1]}],"loopBehavior":1,"name":"anim","property":"_matrix"}},
{"name":"mixamorig:Neck","index":4,"matrix":[0.9989,0.0122,0.046,0,-0.0089,0.9974,-0.0716,0,-0.0468,0.0711,0.9964,0,0,0.8436,0,1],"rest":[1,0,0,0,0,0.9988,0.0481,0,0,-0.0481,0.9988,0,0,0.8436,0,1],"parentBoneIndex":3,"length":0.5063
,"animation":{"dataType":3,"framePerSecond":30,"keys":[
{"frame":1,"values":[0.9989,0.0122,0.046,0,-0.0089,0.9974,-0.0716,0,-0.0468,0.0711,0.9964,0,0,0.8436,0,1]},
{"frame":2,"values":[0.9992,-0.0046,0.0409,0,0.007,0.9982,-0.0597,0,-0.0405,0.06,0.9974,0,0,0.8436,0,1]},
{"frame":3,"values":[0.9991,-0.0246,0.034,0,0.0264,0.9982,-0.0534,0,-0.0326,0.0542,0.998,0,0,0.8436,0,1]},
{"frame":4,"values":[0.9987,-0.0442,0.0267,0,0.0456,0.9975,-0.0535,0,-0.0242,0.0547,0.9982,0,0,0.8436,0,1]},
{"frame":5,"values":[0.9978,-0.0632,0.0189,0,0.0642,0.9961,-0.0606,0,-0.015,0.0617,0.998,0,0,0.8436,0,1]},
{"frame":6,"values":[0.9967,-0.0808,0.0096,0,0.0813,0.9942,-0.0705,0,-0.0038,0.071,0.9975,0,0,0.8436,0,1]},
{"frame":7,"values":[0.9957,-0.0929,-0.0012,0,0.0924,0.9923,-0.0829,0,0.0089,0.0824,0.9966,0,0,0.8436,0,1]},
{"frame":8,"values":[0.9947,-0.1019,-0.0109,0,0.1005,0.9904,-0.0953,0,0.0205,0.0937,0.9954,0,0,0.8436,0,1]},
{"frame":9,"values":[0.9942,-0.1063,-0.0152,0,0.1043,0.9897,-0.0979,0,0.0255,0.0958,0.9951,0,0,0.8436,0,1]},
{"frame":10,"values":[0.9952,-0.0971,-0.0124,0,0.0957,0.9917,-0.0863,0,0.0207,0.0847,0.9962,0,0,0.8436,0,1]},
{"frame":11,"values":[0.9967,-0.0815,-0.005,0,0.081,0.9943,-0.0693,0,0.0106,0.0687,0.9976,0,0,0.8436,0,1]},
{"frame":12,"values":[0.9976,-0.0686,0.0003,0,0.0685,0.9954,-0.0666,0,0.0043,0.0665,0.9978,0,0,0.8436,0,1]},
{"frame":13,"values":[0.9982,-0.06,0.0005,0,0.0598,0.9952,-0.0774,0,0.0042,0.0773,0.997,0,0,0.8436,0,1]},
{"frame":14,"values":[0.9985,-0.0541,-0.0005,0,0.0539,0.9954,-0.0797,0,0.0048,0.0796,0.9968,0,0,0.8436,0,1]},
{"frame":15,"values":[0.9987,-0.0515,-0.0005,0,0.0513,0.9956,-0.0779,0,0.0045,0.0777,0.997,0,0,0.8436,0,1]},
{"frame":16,"values":[0.9987,-0.051,-0.0012,0,0.0507,0.995,-0.0856,0,0.0056,0.0854,0.9963,0,0,0.8436,0,1]},
{"frame":17,"values":[0.9988,-0.0486,-0.0027,0,0.0481,0.9945,-0.0926,0,0.0072,0.0924,0.9957,0,0,0.8436,0,1]},
{"frame":18,"values":[0.999,-0.0452,-0.0021,0,0.0448,0.9949,-0.0899,0,0.0062,0.0897,0.9959,0,0,0.8436,0,1]},
{"frame":19,"values":[0.9992,-0.041,0.0011,0,0.041,0.9956,-0.0838,0,0.0023,0.0838,0.9965,0,0,0.8436,0,1]},
{"frame":20,"values":[0.9994,-0.033,0.0052,0,0.0333,0.9959,-0.0838,0,-0.0024,0.0839,0.9965,0,0,0.8436,0,1]},
{"frame":21,"values":[0.9997,-0.0217,0.0089,0,0.0224,0.9956,-0.0906,0,-0.0069,0.0908,0.9958,0,0,0.8436,0,1]},
{"frame":22,"values":[0.9999,-0.0114,0.0116,0,0.0125,0.9947,-0.1016,0,-0.0104,0.1018,0.9948,0,0,0.8436,0,1]},
{"frame":23,"values":[0.9999,-0.0003,0.015,0,0.002,0.9935,-0.1137,0,-0.0149,0.1137,0.9934,0,0,0.8436,0,1]},
{"frame":24,"values":[0.9997,0.011,0.0198,0,-0.0085,0.9926,-0.1215,0,-0.021,0.1213,0.9924,0,0,0.8436,0,1]},
{"frame":25,"values":[0.9994,0.0216,0.026,0,-0.0181,0.9916,-0.1284,0,-0.0286,0.1278,0.9914,0,0,0.8436,0,1]},
{"frame":26,"values":[0.9989,0.0345,0.0327,0,-0.0297,0.99,-0.138,0,-0.0371,0.1369,0.9899,0,0,0.8436,0,1]},
{"frame":27,"values":[0.9984,0.0436,0.035,0,-0.0381,0.9888,-0.1441,0,-0.0409,0.1426,0.9889,0,0,0.8436,0,1]},
{"frame":28,"values":[0.9987,0.0404,0.0315,0,-0.0357,0.9899,-0.1375,0,-0.0368,0.1362,0.99,0,0,0.8436,0,1]},
{"frame":29,"values":[0.9993,0.0281,0.0253,0,-0.0248,0.9925,-0.1201,0,-0.0285,0.1193,0.9924,0,0,0.8436,0,1]},
{"frame":30,"values":[0.9996,0.0189,0.0199,0,-0.0167,0.9944,-0.1042,0,-0.0218,0.1038,0.9944,0,0,0.8436,0,1]},
{"frame":31,"values":[0.9997,0.0165,0.0172,0,-0.0146,0.9944,-0.105,0,-0.0189,0.1047,0.9943,0,0,0.8436,0,1]},
{"frame":32,"values":[0.9997,0.0167,0.019,0,-0.0144,0.9935,-0.1129,0,-0.0207,0.1125,0.9934,0,0,0.8436,0,1]},
{"frame":33,"values":[0.9996,0.0123,0.0238,0,-0.0097,0.9944,-0.105,0,-0.025,0.1048,0.9942,0,0,0.8436,0,1]},
{"frame":34,"values":[0.9995,0.0078,0.0307,0,-0.0049,0.9956,-0.0932,0,-0.0313,0.093,0.9952,0,0,0.8436,0,1]},
{"frame":35,"values":[0.9992,0.0121,0.0388,0,-0.0085,0.9959,-0.0904,0,-0.0398,0.09,0.9951,0,0,0.8436,0,1]},
{"frame":36,"values":[0.9989,0.0165,0.0446,0,-0.0127,0.9964,-0.0838,0,-0.0458,0.0831,0.9955,0,0,0.8436,0,1]},
{"frame":37,"values":[0.9989,0.0122,0.046,0,-0.0089,0.9974,-0.0716,0,-0.0468,0.0711,0.9964,0,0,0.8436,0,1]}],"loopBehavior":1,"name":"anim","property":"_matrix"}},
{"name":"mixamorig:Head","index":5,"matrix":[0.9977,0.0668,-0.0106,0,-0.0662,0.9968,0.0445,0,0.0135,-0.0437,0.999,0,0,0.5016,-0.0689,1],"rest":[1,0,0,0,0,1,0,0,0,0,1,0,0,0.5016,-0.0689,1],"parentBoneIndex":4,"length":1.0988
,"animation":{"dataType":3,"framePerSecond":30,"keys":[
{"frame":1,"values":[0.9977,0.0668,-0.0106,0,-0.0662,0.9968,0.0445,0,0.0135,-0.0437,0.999,0,0,0.5016,-0.0689,1]},
{"frame":2,"values":[0.9976,0.0688,-0.0107,0,-0.0683,0.9968,0.0422,0,0.0135,-0.0414,0.9991,0,0,0.5016,-0.0689,1]},
{"frame":3,"values":[0.9974,0.0712,-0.0109,0,-0.0706,0.9966,0.0432,0,0.014,-0.0423,0.999,0,0,0.5016,-0.0689,1]},
{"frame":4,"values":[0.9973,0.0721,-0.0122,0,-0.0716,0.9966,0.042,0,0.0151,-0.041,0.999,0,0,0.5016,-0.0689,1]},
{"frame":5,"values":[0.9972,0.0735,-0.0141,0,-0.0729,0.9966,0.0393,0,0.017,-0.0382,0.9991,0,0,0.5016,-0.0689,1]},
{"frame":6,"values":[0.997,0.0748,-0.0182,0,-0.074,0.9965,0.04,0,0.0211,-0.0385,0.999,0,0,0.5016,-0.0689,1]},
{"frame":7,"values":[0.997,0.0728,-0.0262,0,-0.0716,0.9964,0.046,0,0.0294,-0.044,0.9986,0,0,0.5016,-0.0689,1]},
{"frame":8,"values":[0.9969,0.0709,-0.0341,0,-0.0691,0.9963,0.0516,0,0.0376,-0.0491,0.9981,0,0,0.5016,-0.0689,1]},
{"frame":9,"values":[0.9968,0.0708,-0.0372,0,-0.0688,0.9962,0.0532,0,0.0408,-0.0505,0.9979,0,0,0.5016,-0.0689,1]},
{"frame":10,"values":[0.997,0.0684,-0.0368,0,-0.0664,0.9963,0.055,0,0.0404,-0.0524,0.9978,0,0,0.5016,-0.0689,1]},
{"frame":11,"values":[0.9973,0.0645,-0.034,0,-0.0625,0.9965,0.0561,0,0.0375,-0.0538,0.9978,0,0,0.5016,-0.0689,1]},
{"frame":12,"values":[0.9977,0.0596,-0.0335,0,-0.0576,0.9965,0.0598,0,0.0369,-0.0578,0.9976,0,0,0.5016,-0.0689,1]},
{"frame":13,"values":[0.9978,0.056,-0.0368,0,-0.0534,0.9961,0.0698,0,0.0406,-0.0677,0.9969,0,0,0.5016,-0.0689,1]},
{"frame":14,"values":[0.9978,0.053,-0.0402,0,-0.05,0.9962,0.0719,0,0.0438,-0.0697,0.9966,0,0,0.5016,-0.0689,1]},
{"frame":15,"values":[0.9978,0.0515,-0.0413,0,-0.0487,0.9966,0.0662,0,0.0446,-0.064,0.997,0,0,0.5016,-0.0689,1]},
{"frame":16,"values":[0.9977,0.0532,-0.042,0,-0.0505,0.9968,0.0622,0,0.0451,-0.06,0.9972,0,0,0.5016,-0.0689,1]},
{"frame":17,"values":[0.9975,0.0545,-0.0439,0,-0.0518,0.9969,0.0594,0,0.047,-0.057,0.9973,0,0,0.5016,-0.0689,1]},
{"frame":18,"values":[0.9976,0.0531,-0.0446,0,-0.0505,0.997,0.058,0,0.0475,-0.0556,0.9973,0,0,0.5016,-0.0689,1]},
{"frame":19,"values":[0.9978,0.0507,-0.0429,0,-0.0482,0.9971,0.0581,0,0.0457,-0.0559,0.9974,0,0,0.5016,-0.0689,1]},
{"frame":20,"values":[0.998,0.048,-0.0419,0,-0.0457,0.9974,0.056,0,0.0444,-0.054,0.9976,0,0,0.5016,-0.0689,1]},
{"frame":21,"values":[0.9981,0.0446,-0.0425,0,-0.0423,0.9977,0.0527,0,0.0447,-0.0508,0.9977,0,0,0.5016,-0.0689,1]},
{"frame":22,"values":[0.9982,0.0421,-0.0435,0,-0.0399,0.9979,0.0508,0,0.0455,-0.049,0.9978,0,0,0.5016,-0.0689,1]},
{"frame":23,"values":[0.9982,0.042,-0.0435,0,-0.0399,0.998,0.0483,0,0.0454,-0.0465,0.9979,0,0,0.5016,-0.0689,1]},
{"frame":24,"values":[0.9981,0.0455,-0.0412,0,-0.0438,0.9982,0.041,0,0.0429,-0.0391,0.9983,0,0,0.5016,-0.0689,1]},
{"frame":25,"values":[0.9979,0.0534,-0.0362,0,-0.0521,0.998,0.0351,0,0.038,-0.0331,0.9987,0,0,0.5016,-0.0689,1]},
{"frame":26,"values":[0.9976,0.0618,-0.031,0,-0.0606,0.9975,0.0356,0,0.0332,-0.0336,0.9989,0,0,0.5016,-0.0689,1]},
{"frame":27,"values":[0.9971,0.0699,-0.0292,0,-0.0688,0.997,0.0368,0,0.0317,-0.0347,0.9989,0,0,0.5016,-0.0689,1]},
{"frame":28,"values":[0.9964,0.0798,-0.0295,0,-0.0786,0.9961,0.0401,0,0.0326,-0.0376,0.9988,0,0,0.5016,-0.0689,1]},
{"frame":29,"values":[0.9957,0.0878,-0.0301,0,-0.0863,0.995,0.0502,0,0.0344,-0.0474,0.9983,0,0,0.5016,-0.0689,1]},
{"frame":30,"values":[0.9955,0.0892,-0.0325,0,-0.0873,0.9946,0.0558,0,0.0373,-0.0527,0.9979,0,0,0.5016,-0.0689,1]},
{"frame":31,"values":[0.9956,0.0869,-0.0348,0,-0.0847,0.9946,0.0603,0,0.0398,-0.057,0.9976,0,0,0.5016,-0.0689,1]},
{"frame":32,"values":[0.996,0.0821,-0.034,0,-0.0797,0.9946,0.0671,0,0.0393,-0.0641,0.9972,0,0,0.5016,-0.0689,1]},
{"frame":33,"values":[0.9966,0.0765,-0.0296,0,-0.0746,0.9954,0.0607,0,0.0341,-0.0583,0.9977,0,0,0.5016,-0.0689,1]},
{"frame":34,"values":[0.997,0.0738,-0.0225,0,-0.0725,0.996,0.0513,0,0.0262,-0.0496,0.9984,0,0,0.5016,-0.0689,1]},
{"frame":35,"values":[0.9972,0.073,-0.0159,0,-0.0721,0.9961,0.051,0,0.0196,-0.0497,0.9986,0,0,0.5016,-0.0689,1]},
{"frame":36,"values":[0.9974,0.0705,-0.0123,0,-0.0698,0.9963,0.0499,0,0.0157,-0.049,0.9987,0,0,0.5016,-0.0689,1]},
{"frame":37,"values":[0.9977,0.0668,-0.0106,0,-0.0662,0.9968,0.0445,0,0.0136,-0.0437,0.999,0,0,0.5016,-0.0689,1]}],"loopBehavior":1,"name":"anim","property":"_matrix"}},
{"name":"Eye.R","index":6,"matrix":[0.9936,0.0116,-0.1127,0,0.1132,-0.0537,0.9921,0,0.0055,-0.9985,-0.0546,0,0.1973,0.5506,0.6176,1],"rest":[0.9936,0.0116,-0.1127,0,0.1132,-0.0537,0.9921,0,0.0055,-0.9985,-0.0546,0,0.1973,0.5506,0.6176,1],"parentBoneIndex":5,"length":0.1544
,"animation":{"dataType":3,"framePerSecond":30,"keys":[
{"frame":1,"values":[0.9936,0.0116,-0.1127,0,0.1132,-0.0537,0.9921,0,0.0055,-0.9985,-0.0546,0,0.1973,0.5506,0.6176,1]},
{"frame":37,"values":[0.9936,0.0116,-0.1127,0,0.1132,-0.0537,0.9921,0,0.0055,-0.9985,-0.0546,0,0.1973,0.5506,0.6176,1]}],"loopBehavior":1,"name":"anim","property":"_matrix"}},
{"name":"Eye.L","index":7,"matrix":[0.9991,0.0075,-0.0407,0,0.0412,-0.0898,0.9951,0,0.0039,-0.9959,-0.09,0,-0.1624,0.5758,0.6171,1],"rest":[0.9991,0.0075,-0.0407,0,0.0412,-0.0898,0.9951,0,0.0039,-0.9959,-0.09,0,-0.1624,0.5758,0.6171,1],"parentBoneIndex":5,"length":0.154
,"animation":{"dataType":3,"framePerSecond":30,"keys":[
{"frame":1,"values":[0.9991,0.0075,-0.0407,0,0.0412,-0.0898,0.9951,0,0.0039,-0.9959,-0.09,0,-0.1624,0.5758,0.6171,1]},
{"frame":37,"values":[0.9991,0.0075,-0.0407,0,0.0412,-0.0898,0.9951,0,0.0039,-0.9959,-0.09,0,-0.1624,0.5758,0.6171,1]}],"loopBehavior":1,"name":"anim","property":"_matrix"}},
{"name":"mixamorig:LeftShoulder","index":8,"matrix":[-0.0251,0.0212,-0.9995,0,0.93,-0.3661,-0.0312,0,-0.3666,-0.9303,-0.0105,0,0.3549,0.7444,-0.0011,1],"rest":[-0.0035,0.0001,-1,0,0.9651,-0.2617,-0.0035,0,-0.2617,-0.9651,0.0008,0,0.3549,0.7444,-0.0011,1],"parentBoneIndex":3,"length":0.7943
,"animation":{"dataType":3,"framePerSecond":30,"keys":[
{"frame":1,"values":[-0.0251,0.0212,-0.9995,0,0.93,-0.3661,-0.0312,0,-0.3666,-0.9303,-0.0105,0,0.3549,0.7444,-0.0011,1]},
{"frame":2,"values":[-0.0305,0.0218,-0.9993,0,0.9285,-0.3696,-0.0365,0,-0.3702,-0.9289,-0.009,0,0.3549,0.7444,-0.0011,1]},
{"frame":3,"values":[-0.0435,0.0233,-0.9988,0,0.9242,-0.3787,-0.0491,0,-0.3794,-0.9252,-0.0051,0,0.3549,0.7444,-0.0011,1]},
{"frame":4,"values":[-0.0619,0.0257,-0.9977,0,0.9168,-0.3936,-0.0671,0,-0.3944,-0.9189,0.0008,0,0.3549,0.7444,-0.0011,1]},
{"frame":5,"values":[-0.0726,0.0277,-0.997,0,0.9097,-0.4079,-0.0775,0,-0.4088,-0.9126,0.0044,0,0.3549,0.7444,-0.0011,1]},
{"frame":6,"values":[-0.0772,0.0295,-0.9966,0,0.9017,-0.4243,-0.0824,0,-0.4253,-0.905,0.0061,0,0.3549,0.7444,-0.0011,1]},
{"frame":7,"values":[-0.0934,0.0343,-0.995,0,0.8841,-0.4568,-0.0988,0,-0.4579,-0.8889,0.0124,0,0.3549,0.7444,-0.0011,1]},
{"frame":8,"values":[-0.1098,0.0381,-0.9932,0,0.8737,-0.4728,-0.1147,0,-0.474,-0.8804,0.0186,0,0.3549,0.7444,-0.0011,1]},
{"frame":9,"values":[-0.1087,0.0364,-0.9934,0,0.8822,-0.4571,-0.1133,0,-0.4582,-0.8887,0.0176,0,0.3549,0.7444,-0.0011,1]},
{"frame":10,"values":[-0.0955,0.0333,-0.9949,0,0.8919,-0.4409,-0.1004,0,-0.442,-0.897,0.0124,0,0.3549,0.7444,-0.0011,1]},
{"frame":11,"values":[-0.0811,0.0305,-0.9962,0,0.8997,-0.4279,-0.0863,0,-0.4289,-0.9033,0.0072,0,0.3549,0.7444,-0.0011,1]},
{"frame":12,"values":[-0.0795,0.0302,-0.9964,0,0.9009,-0.4257,-0.0848,0,-0.4267,-0.9044,0.0066,0,0.3549,0.7444,-0.0011,1]},
{"frame":13,"values":[-0.0864,0.0307,-0.9958,0,0.9013,-0.4234,-0.0913,0,-0.4244,-0.9054,0.0089,0,0.3549,0.7444,-0.0011,1]},
{"frame":14,"values":[-0.0838,0.029,-0.9961,0,0.909,-0.4073,-0.0883,0,-0.4083,-0.9128,0.0078,0,0.3549,0.7444,-0.0011,1]},
{"frame":15,"values":[-0.0659,0.026,-0.9975,0,0.9171,-0.3923,-0.0709,0,-0.3932,-0.9195,0.002,0,0.3549,0.7444,-0.0011,1]},
{"frame":16,"values":[-0.0425,0.0239,-0.9988,0,0.9204,-0.3879,-0.0485,0,-0.3886,-0.9214,-0.0055,0,0.3549,0.7444,-0.0011,1]},
{"frame":17,"values":[-0.0287,0.0227,-0.9993,0,0.9219,-0.3857,-0.0352,0,-0.3863,-0.9223,-0.0098,0,0.3549,0.7444,-0.0011,1]},
{"frame":18,"values":[-0.0231,0.0218,-0.9995,0,0.9247,-0.3794,-0.0296,0,-0.3799,-0.925,-0.0114,0,0.3549,0.7444,-0.0011,1]},
{"frame":19,"values":[-0.0151,0.0209,-0.9997,0,0.9275,-0.3732,-0.0217,0,-0.3736,-0.9275,-0.0137,0,0.3549,0.7444,-0.0011,1]},
{"frame":20,"values":[-0.0024,0.0196,-0.9998,0,0.9306,-0.3659,-0.0094,0,-0.366,-0.9305,-0.0173,0,0.3549,0.7444,-0.0011,1]},
{"frame":21,"values":[0.0089,0.0182,-0.9998,0,0.9354,-0.3536,0.0019,0,-0.3535,-0.9352,-0.0202,0,0.3549,0.7444,-0.0011,1]},
{"frame":22,"values":[0.0139,0.0175,-0.9998,0,0.939,-0.3439,0.007,0,-0.3437,-0.9388,-0.0212,0,0.3549,0.7444,-0.0011,1]},
{"frame":23,"values":[0.0182,0.0169,-0.9997,0,0.9418,-0.336,0.0115,0,-0.3357,-0.9417,-0.022,0,0.3549,0.7444,-0.0011,1]},
{"frame":24,"values":[0.0251,0.0161,-0.9996,0,0.9453,-0.3258,0.0185,0,-0.3253,-0.9453,-0.0234,0,0.3549,0.7444,-0.0011,1]},
{"frame":25,"values":[0.0327,0.0154,-0.9993,0,0.9477,-0.3182,0.0261,0,-0.3176,-0.9479,-0.025,0,0.3549,0.7444,-0.0011,1]},
{"frame":26,"values":[0.0404,0.0149,-0.9991,0,0.9482,-0.3159,0.0336,0,-0.3151,-0.9487,-0.0269,0,0.3549,0.7444,-0.0011,1]},
{"frame":27,"values":[0.0422,0.0149,-0.999,0,0.9471,-0.3191,0.0352,0,-0.3182,-0.9476,-0.0276,0,0.3549,0.7444,-0.0011,1]},
{"frame":28,"values":[0.0292,0.0158,-0.9994,0,0.9437,-0.3301,0.0223,0,-0.3296,-0.9438,-0.0246,0,0.3549,0.7444,-0.0011,1]},
{"frame":29,"values":[0.0083,0.0177,-0.9998,0,0.939,-0.344,0.0017,0,-0.3439,-0.9388,-0.0194,0,0.3549,0.7444,-0.0011,1]},
{"frame":30,"values":[-0.0026,0.0185,-0.9998,0,0.9371,-0.3489,-0.0089,0,-0.349,-0.937,-0.0165,0,0.3549,0.7444,-0.0011,1]},
{"frame":31,"values":[-0.0095,0.0192,-0.9998,0,0.9356,-0.3526,-0.0157,0,-0.3528,-0.9356,-0.0146,0,0.3549,0.7444,-0.0011,1]},
{"frame":32,"values":[-0.0193,0.0205,-0.9996,0,0.9317,-0.3623,-0.0254,0,-0.3627,-0.9318,-0.0121,0,0.3549,0.7444,-0.0011,1]},
{"frame":33,"values":[-0.0258,0.0214,-0.9994,0,0.9292,-0.3682,-0.0319,0,-0.3686,-0.9295,-0.0104,0,0.3549,0.7444,-0.0011,1]},
{"frame":34,"values":[-0.0263,0.0216,-0.9994,0,0.9286,-0.3695,-0.0324,0,-0.37,-0.929,-0.0103,0,0.3549,0.7444,-0.0011,1]},
{"frame":35,"values":[-0.0217,0.0212,-0.9995,0,0.9291,-0.3687,-0.028,0,-0.3691,-0.9293,-0.0117,0,0.3549,0.7444,-0.0011,1]},
{"frame":36,"values":[-0.0192,0.021,-0.9996,0,0.9296,-0.3678,-0.0256,0,-0.3682,-0.9297,-0.0124,0,0.3549,0.7444,-0.0011,1]},
{"frame":37,"values":[-0.0251,0.0212,-0.9995,0,0.93,-0.3661,-0.0312,0,-0.3666,-0.9303,-0.0105,0,0.3549,0.7444,-0.0011,1]}],"loopBehavior":1,"name":"anim","property":"_matrix"}},
{"name":"mixamorig:LeftArm","index":9,"matrix":[0.9268,-0.3602,-0.106,0,0.2474,0.3733,0.8941,0,-0.2825,-0.8549,0.4351,0,0,0.7943,0,1],"rest":[0.9997,0,-0.0228,0,0.013,0.8205,0.5716,0,0.0187,-0.5717,0.8203,0,0,0.7943,0,1],"parentBoneIndex":8,"length":1.4315
,"animation":{"dataType":3,"framePerSecond":30,"keys":[
{"frame":1,"values":[0.9268,-0.3602,-0.106,0,0.2474,0.3733,0.8941,0,-0.2825,-0.8549,0.4351,0,0,0.7943,0,1]},
{"frame":2,"values":[0.9225,-0.3635,-0.13,0,0.2737,0.3784,0.8842,0,-0.2722,-0.8513,0.4486,0,0,0.7943,0,1]},
{"frame":3,"values":[0.92,-0.3613,-0.1519,0,0.2971,0.3902,0.8715,0,-0.2556,-0.8469,0.4663,0,0,0.7943,0,1]},
{"frame":4,"values":[0.919,-0.3589,-0.1633,0,0.312,0.4087,0.8577,0,-0.2411,-0.8392,0.4875,0,0,0.7943,0,1]},
{"frame":5,"values":[0.9159,-0.3655,-0.1661,0,0.3222,0.4224,0.8472,0,-0.2395,-0.8294,0.5046,0,0,0.7943,0,1]},
{"frame":6,"values":[0.9106,-0.3787,-0.1656,0,0.333,0.4346,0.8368,0,-0.245,-0.8171,0.5219,0,0,0.7943,0,1]},
{"frame":7,"values":[0.9091,-0.3828,-0.1644,0,0.3448,0.47,0.8126,0,-0.2338,-0.7954,0.5592,0,0,0.7943,0,1]},
{"frame":8,"values":[0.9063,-0.3888,-0.1656,0,0.3534,0.4824,0.8015,0,-0.2318,-0.7849,0.5746,0,0,0.7943,0,1]},
{"frame":9,"values":[0.8995,-0.4027,-0.1694,0,0.357,0.454,0.8164,0,-0.2519,-0.7948,0.5521,0,0,0.7943,0,1]},
{"frame":10,"values":[0.895,-0.4108,-0.1739,0,0.3609,0.4376,0.8235,0,-0.2622,-0.7998,0.5399,0,0,0.7943,0,1]},
{"frame":11,"values":[0.8915,-0.415,-0.1815,0,0.3684,0.4314,0.8235,0,-0.2635,-0.8011,0.5375,0,0,0.7943,0,1]},
{"frame":12,"values":[0.8923,-0.4101,-0.1886,0,0.3729,0.4346,0.8198,0,-0.2542,-0.8019,0.5407,0,0,0.7943,0,1]},
{"frame":13,"values":[0.8987,-0.3939,-0.1927,0,0.368,0.4386,0.8199,0,-0.2384,-0.8078,0.5392,0,0,0.7943,0,1]},
{"frame":14,"values":[0.9073,-0.3731,-0.194,0,0.3552,0.433,0.8285,0,-0.2251,-0.8206,0.5254,0,0,0.7943,0,1]},
{"frame":15,"values":[0.9194,-0.3462,-0.1868,0,0.3332,0.4332,0.8374,0,-0.209,-0.8322,0.5137,0,0,0.7943,0,1]},
{"frame":16,"values":[0.9352,-0.3107,-0.1696,0,0.3019,0.45,0.8404,0,-0.1848,-0.8372,0.5147,0,0,0.7943,0,1]},
{"frame":17,"values":[0.9516,-0.2674,-0.1514,0,0.2666,0.4736,0.8394,0,-0.1527,-0.8392,0.522,0,0,0.7943,0,1]},
{"frame":18,"values":[0.9665,-0.2166,-0.1377,0,0.2299,0.492,0.8397,0,-0.1141,-0.8432,0.5253,0,0,0.7943,0,1]},
{"frame":19,"values":[0.9784,-0.1639,-0.1256,0,0.1928,0.5074,0.8398,0,-0.0739,-0.846,0.5281,0,0,0.7943,0,1]},
{"frame":20,"values":[0.9871,-0.1156,-0.1111,0,0.1554,0.5196,0.8402,0,-0.0394,-0.8466,0.5308,0,0,0.7943,0,1]},
{"frame":21,"values":[0.9928,-0.0539,-0.1071,0,0.1194,0.5262,0.842,0,0.011,-0.8487,0.5288,0,0,0.7943,0,1]},
{"frame":22,"values":[0.9936,0.0165,-0.1122,0,0.0862,0.5321,0.8423,0,0.0736,-0.8465,0.5273,0,0,0.7943,0,1]},
{"frame":23,"values":[0.9935,0.0525,-0.1015,0,0.058,0.533,0.8441,0,0.0984,-0.8445,0.5265,0,0,0.7943,0,1]},
{"frame":24,"values":[0.9961,0.0495,-0.0729,0,0.0361,0.5258,0.8498,0,0.0805,-0.8491,0.522,0,0,0.7943,0,1]},
{"frame":25,"values":[0.9974,0.05,-0.0523,0,0.0186,0.5206,0.8536,0,0.0699,-0.8523,0.5183,0,0,0.7943,0,1]},
{"frame":26,"values":[0.9973,0.0597,-0.0424,0,0.0051,0.5204,0.8539,0,0.073,-0.8518,0.5187,0,0,0.7943,0,1]},
{"frame":27,"values":[0.9973,0.0594,-0.0427,0,0.0057,0.5189,0.8548,0,0.073,-0.8528,0.5172,0,0,0.7943,0,1]},
{"frame":28,"values":[0.9962,0.0606,-0.0627,0,0.0227,0.514,0.8575,0,0.0842,-0.8556,0.5107,0,0,0.7943,0,1]},
{"frame":29,"values":[0.9932,0.0672,-0.0948,0,0.0483,0.5029,0.863,0,0.1056,-0.8618,0.4962,0,0,0.7943,0,1]},
{"frame":30,"values":[0.994,0.0142,-0.1088,0,0.0891,0.4754,0.8753,0,0.0641,-0.8797,0.4712,0,0,0.7943,0,1]},
{"frame":31,"values":[0.9917,-0.0689,-0.1085,0,0.128,0.4486,0.8845,0,-0.0123,-0.8911,0.4537,0,0,0.7943,0,1]},
{"frame":32,"values":[0.9844,-0.1504,-0.0911,0,0.1486,0.4341,0.8885,0,-0.0941,-0.8882,0.4496,0,0,0.7943,0,1]},
{"frame":33,"values":[0.975,-0.2081,-0.0779,0,0.1604,0.4165,0.8949,0,-0.1537,-0.885,0.4395,0,0,0.7943,0,1]},
{"frame":34,"values":[0.9634,-0.2587,-0.0705,0,0.1725,0.3966,0.9016,0,-0.2053,-0.8808,0.4267,0,0,0.7943,0,1]},
{"frame":35,"values":[0.9502,-0.304,-0.0686,0,0.1882,0.3843,0.9038,0,-0.2484,-0.8717,0.4223,0,0,0.7943,0,1]},
{"frame":36,"values":[0.9376,-0.3382,-0.0811,0,0.2146,0.3789,0.9002,0,-0.2737,-0.8614,0.4278,0,0,0.7943,0,1]},
{"frame":37,"values":[0.9268,-0.3602,-0.106,0,0.2474,0.3733,0.8941,0,-0.2825,-0.8549,0.4351,0,0,0.7943,0,1]}],"loopBehavior":1,"name":"anim","property":"_matrix"}},
{"name":"mixamorig:LeftForeArm","index":10,"matrix":[0.9146,0.2068,-0.3474,0,-0.189,0.9783,0.0847,0,0.3574,-0.0118,0.9339,0,0,1.4315,0,1],"rest":[0.9641,0.2655,0,0,-0.2635,0.9569,-0.1221,0,-0.0324,0.1177,0.9925,0,0,1.4315,0,1],"parentBoneIndex":9,"length":1.4411
,"animation":{"dataType":3,"framePerSecond":30,"keys":[
{"frame":1,"values":[0.9146,0.2068,-0.3474,0,-0.189,0.9783,0.0847,0,0.3574,-0.0118,0.9339,0,0,1.4315,0,1]},
{"frame":2,"values":[0.9157,0.2211,-0.3357,0,-0.2027,0.9752,0.0894,0,0.3471,-0.0138,0.9377,0,0,1.4315,0,1]},
{"frame":3,"values":[0.916,0.2288,-0.3294,0,-0.2095,0.9733,0.0936,0,0.342,-0.0168,0.9395,0,0,1.4315,0,1]},
{"frame":4,"values":[0.9195,0.2231,-0.3236,0,-0.2029,0.9746,0.0954,0,0.3366,-0.022,0.9414,0,0,1.4315,0,1]},
{"frame":5,"values":[0.9215,0.2091,-0.3274,0,-0.1899,0.9777,0.0901,0,0.3389,-0.0208,0.9406,0,0,1.4315,0,1]},
{"frame":6,"values":[0.9213,0.1945,-0.3368,0,-0.178,0.9808,0.0794,0,0.3458,-0.0132,0.9382,0,0,1.4315,0,1]},
{"frame":7,"values":[0.9265,0.181,-0.33,0,-0.1661,0.9834,0.0731,0,0.3378,-0.0129,0.9411,0,0,1.4315,0,1]},
{"frame":8,"values":[0.9313,0.1617,-0.3263,0,-0.1493,0.9868,0.0629,0,0.3321,-0.0099,0.9432,0,0,1.4315,0,1]},
{"frame":9,"values":[0.9364,0.134,-0.3245,0,-0.1261,0.991,0.0455,0,0.3276,-0.0017,0.9448,0,0,1.4315,0,1]},
{"frame":10,"values":[0.9459,0.1035,-0.3074,0,-0.0982,0.9946,0.0328,0,0.3091,-0.0009,0.951,0,0,1.4315,0,1]},
{"frame":11,"values":[0.9513,0.0821,-0.2972,0,-0.0789,0.9966,0.0227,0,0.2981,0.0019,0.9545,0,0,1.4315,0,1]},
{"frame":12,"values":[0.955,0.0782,-0.2862,0,-0.0766,0.9969,0.0171,0,0.2867,0.0056,0.958,0,0,1.4315,0,1]},
{"frame":13,"values":[0.9611,0.0807,-0.2642,0,-0.0792,0.9967,0.0161,0,0.2646,0.0055,0.9643,0,0,1.4315,0,1]},
